Webots Project File version R2023b
perspectives: 000000ff00000000fd0000000200000001000001590000031bfc0200000001fb0000001400540065007800740045006400690074006f007201000000160000031b0000008600ffffff0000000300000780000000d9fc0100000001fb0000001a0043006f006e0073006f006c00650041006c006c0041006c006c0100000000000007800000006900ffffff000006250000031b00000001000000020000000100000008fc00000000
simulationViewPerspectives: 000000ff000000010000000200000100000005230100000002010000000100
sceneTreePerspectives: 000000ff00000001000000030000001e000000c0000000fa0100000002010000000200
maximizedDockId: -1
centralWidgetVisible: 1
orthographicViewHeight: 1
textFiles: 0 "controllers/CW_Robot_T1/CW_Robot_T1.py"
consoles: Console:All:All
renderingDevicePerspectives: Supervisor:display;1;1;0.0250951;0.0938776
renderingDevicePerspectives: e-puck:camera;0;1;0;0
