Webots Project File version R2023b
perspectives: 000000ff00000000fd00000002000000010000007700000267fc0200000001fb0000001400540065007800740045006400690074006f00720100000016000002670000004100ffffff00000003000005a0000000d9fc0100000001fb0000001a0043006f006e0073006f006c00650041006c006c0041006c006c0100000000000005a00000006900ffffff000005270000026700000001000000020000000100000008fc00000000
simulationViewPerspectives: 000000ff0000000100000002000000fe000004270100000002010000000100
sceneTreePerspectives: 000000ff00000001000000030000001e000000c0000000fa0100000002010000000200
maximizedDockId: -1
centralWidgetVisible: 1
orthographicViewHeight: 1
textFiles: -1
consoles: Console:All:All
renderingDevicePerspectives: Supervisor:display;1;0.824;0.610536;0.115315
renderingDevicePerspectives: e-puck:camera;0;1;0;0
