Webots Project File version R2023b
perspectives: 000000ff00000000fd00000001000000010000009b000003f6fc0200000001fc00000016000003f60000005f0100001dfa000000000100000002fb0000001a0043006f006e0073006f006c00650041006c006c0041006c006c0100000000ffffffff0000006900fffffffb0000001400540065007800740045006400690074006f00720100000627000001590000007700ffffff000006e3000003f600000001000000020000000100000008fc00000000
simulationViewPerspectives: 000000ff0000000100000002000000000000023b0100000002010000000100
sceneTreePerspectives: 000000ff00000001000000030000001e000000c0000000fa0100000002010000000200
maximizedDockId: -1
centralWidgetVisible: 1
orthographicViewHeight: 1
textFiles: -1
consoles: Console:All:All
renderingDevicePerspectives: Supervisor:display;0;0.502;0;0.188679
renderingDevicePerspectives: e-puck:camera;0;3.48718;0;0
